    Ghosts,         Modules,  Run,        AVG,     StdDev,        Min,        Max,     StdErr,        Sum,          SumSq,         SD
  POGhosts,      ONE_MODULE,    0,   815.2000,  1179.5526,       60.0,     7910.0,      118.0,    81520.0,    204198200.0,  1179.5526
  POGhosts,      ONE_MODULE,    1,  1171.9000,  1591.5209,      170.0,     8650.0,      159.2,   117190.0,    388095900.0,  1591.5209
  POGhosts,      ONE_MODULE,    2,   652.1000,   962.5768,       70.0,     5920.0,       96.3,    65210.0,    134252300.0,   962.5768
  POGhosts,      ONE_MODULE,    3,   590.2000,  1014.5517,       70.0,     5960.0,      101.5,    59020.0,    136735800.0,  1014.5517
  POGhosts,      ONE_MODULE,    4,  2252.2000,  1962.2244,      190.0,     8010.0,      196.2,   225220.0,    888422600.0,  1962.2244
  POGhosts,      ONE_MODULE,    5,   849.3000,  1162.1795,       70.0,     6750.0,      116.2,    84930.0,    205846500.0,  1162.1795
  POGhosts,      ONE_MODULE,    6,   576.9000,   931.3081,       70.0,     5410.0,       93.1,    57690.0,    119147500.0,   931.3081
  POGhosts,      ONE_MODULE,    7,   317.2000,   321.5370,       70.0,     2730.0,       32.2,    31720.0,     20296800.0,   321.5370
  POGhosts,      ONE_MODULE,    8,   598.6000,   667.4602,       70.0,     4200.0,       66.7,    59860.0,     79937000.0,   667.4602
  POGhosts,      ONE_MODULE,    9,   864.6000,  1035.5581,       70.0,     5600.0,      103.6,    86460.0,    180919000.0,  1035.5581
  POGhosts,      ONE_MODULE,   10,   449.0000,   565.2951,      110.0,     4070.0,       56.5,    44900.0,     51796400.0,   565.2951
  POGhosts,      ONE_MODULE,   11,   625.8000,   698.9287,      160.0,     3760.0,       69.9,    62580.0,     87524200.0,   698.9287
  POGhosts,      ONE_MODULE,   12,  1519.4000,  1734.7982,      170.0,     8080.0,      173.5,   151940.0,    528800600.0,  1734.7982
  POGhosts,      ONE_MODULE,   13,   672.4000,   792.8202,      110.0,     3760.0,       79.3,    67240.0,    107440000.0,   792.8202
  POGhosts,      ONE_MODULE,   14,  1283.1000,  1360.3310,      120.0,     7560.0,      136.0,   128310.0,    347834100.0,  1360.3310
  POGhosts,      ONE_MODULE,   15,  1121.8000,   816.5812,       70.0,     4540.0,       81.7,   112180.0,    191857200.0,   816.5812
  POGhosts,      ONE_MODULE,   16,   826.4000,  1005.8370,       70.0,     4320.0,      100.6,    82640.0,    168452800.0,  1005.8370
  POGhosts,      ONE_MODULE,   17,   998.8000,  1006.9990,      130.0,     3940.0,      100.7,    99880.0,    200150800.0,  1006.9990
  POGhosts,      ONE_MODULE,   18,  1244.6000,  1244.1105,       70.0,     7030.0,      124.4,   124460.0,    308136200.0,  1244.1105
  POGhosts,      ONE_MODULE,   19,   917.4000,  1227.2402,       70.0,     8090.0,      122.7,    91740.0,    233268000.0,  1227.2402
  POGhosts,     TWO_MODULES,    0,  1680.9000,  1729.1892,      180.0,     7990.0,      172.9,   168090.0,    578561900.0,  1729.1892
  POGhosts,     TWO_MODULES,    1,   443.7000,   861.8182,       70.0,     5610.0,       86.2,    44370.0,     93217300.0,   861.8182
  POGhosts,     TWO_MODULES,    2,  1292.0000,  1399.2675,      140.0,     8230.0,      139.9,   129200.0,    360763400.0,  1399.2675
  POGhosts,     TWO_MODULES,    3,  1112.3000,  1162.2487,       70.0,     5560.0,      116.2,   111230.0,    257452500.0,  1162.2487
  POGhosts,     TWO_MODULES,    4,   853.0000,  1125.5405,       70.0,     6220.0,      112.6,    85300.0,    198178200.0,  1125.5405
  POGhosts,     TWO_MODULES,    5,   843.3000,   832.5646,       80.0,     6360.0,       83.3,    84330.0,    139738700.0,   832.5646
  POGhosts,     TWO_MODULES,    6,   589.4000,   767.5921,       70.0,     3960.0,       76.8,    58940.0,     93069800.0,   767.5921
  POGhosts,     TWO_MODULES,    7,   488.8000,   815.7766,       70.0,     5410.0,       81.6,    48880.0,     89776200.0,   815.7766
  POGhosts,     TWO_MODULES,    8,   568.7000,   550.6555,      120.0,     4120.0,       55.1,    56870.0,     62360900.0,   550.6555
  POGhosts,     TWO_MODULES,    9,  1320.8000,  1413.1809,       70.0,     5550.0,      141.3,   132080.0,    372162200.0,  1413.1809
  POGhosts,     TWO_MODULES,   10,  1097.6000,  1246.1262,       80.0,     6700.0,      124.6,   109760.0,    274202800.0,  1246.1262
  POGhosts,     TWO_MODULES,   11,   976.3000,  1200.0022,       70.0,     5900.0,      120.0,    97630.0,    237876700.0,  1200.0022
  POGhosts,     TWO_MODULES,   12,   396.6000,   584.9583,       70.0,     3570.0,       58.5,    39660.0,     49604600.0,   584.9583
  POGhosts,     TWO_MODULES,   13,  1675.5000,  2173.3275,       80.0,     9730.0,      217.3,   167550.0,    748341900.0,  2173.3275
  POGhosts,     TWO_MODULES,   14,   433.3000,   477.0512,       70.0,     3560.0,       47.7,    43330.0,     41305100.0,   477.0512
  POGhosts,     TWO_MODULES,   15,   731.0000,   909.8257,       90.0,     5190.0,       91.0,    73100.0,    135386600.0,   909.8257
  POGhosts,     TWO_MODULES,   16,   471.1000,   639.7062,       70.0,     3520.0,       64.0,    47110.0,     62706700.0,   639.7062
  POGhosts,     TWO_MODULES,   17,  1681.6000,  2020.2219,       70.0,     8600.0,      202.0,   168160.0,    686826200.0,  2020.2219
  POGhosts,     TWO_MODULES,   18,  1017.4000,  1228.2406,       70.0,     6050.0,      122.8,   101740.0,    252859200.0,  1228.2406
  POGhosts,     TWO_MODULES,   19,  1268.9000,  1624.8145,       70.0,     8740.0,      162.5,   126890.0,    422372900.0,  1624.8145
  POGhosts,   THREE_MODULES,    0,  1502.3000,  1754.0561,       70.0,     7090.0,      175.4,   150230.0,    530285100.0,  1754.0561
  POGhosts,   THREE_MODULES,    1,   858.8000,  1279.3672,       70.0,     5390.0,      127.9,    85880.0,    235795000.0,  1279.3672
  POGhosts,   THREE_MODULES,    2,   759.5000,  1181.7017,      110.0,     8290.0,      118.2,    75950.0,    195929500.0,  1181.7017
  POGhosts,   THREE_MODULES,    3,   702.1000,   901.8962,       80.0,     4860.0,       90.2,    70210.0,    129822700.0,   901.8962
  POGhosts,   THREE_MODULES,    4,   533.6000,   799.0455,       70.0,     4700.0,       79.9,    53360.0,     91681800.0,   799.0455
  POGhosts,   THREE_MODULES,    5,   621.3000,   797.9755,       70.0,     4360.0,       79.8,    62130.0,    101641100.0,   797.9755
  POGhosts,   THREE_MODULES,    6,   845.9000,  1291.4467,      120.0,     8560.0,      129.1,    84590.0,    236670300.0,  1291.4467
  POGhosts,   THREE_MODULES,    7,   434.5000,   711.1655,       70.0,     3460.0,       71.1,    43450.0,     68948900.0,   711.1655
  POGhosts,   THREE_MODULES,    8,  1371.9000,  1796.8326,       70.0,     8230.0,      179.7,   137190.0,    507843100.0,  1796.8326
  POGhosts,   THREE_MODULES,    9,   295.0000,   543.8481,       40.0,     3940.0,       54.4,    29500.0,     37983800.0,   543.8481
  POGhosts,   THREE_MODULES,   10,   567.0000,   710.5589,       70.0,     3750.0,       71.1,    56700.0,     82133400.0,   710.5589
  POGhosts,   THREE_MODULES,   11,   971.9000,  1346.4992,       70.0,     7730.0,      134.6,    97190.0,    273951900.0,  1346.4992
  POGhosts,   THREE_MODULES,   12,  1076.1000,  1124.1517,       70.0,     6010.0,      112.4,   107610.0,    240907100.0,  1124.1517
  POGhosts,   THREE_MODULES,   13,  1433.0000,  2032.1126,       70.0,     9440.0,      203.2,   143300.0,    614167600.0,  2032.1126
  POGhosts,   THREE_MODULES,   14,   645.7000,  1034.6036,       70.0,     5960.0,      103.5,    64570.0,    147662900.0,  1034.6036
  POGhosts,   THREE_MODULES,   15,   725.9000,   683.7938,       70.0,     3850.0,       68.4,    72590.0,     98982900.0,   683.7938
  POGhosts,   THREE_MODULES,   16,  1607.7000,  1439.3600,       70.0,     8100.0,      143.9,   160770.0,    463573900.0,  1439.3600
  POGhosts,   THREE_MODULES,   17,  1088.4000,  1264.5163,       70.0,     7180.0,      126.5,   108840.0,    276762600.0,  1264.5163
  POGhosts,   THREE_MODULES,   18,  1548.0000,  1716.6723,      120.0,     8580.0,      171.7,   154800.0,    531379800.0,  1716.6723
  POGhosts,   THREE_MODULES,   19,  2378.0000,  2064.8247,      190.0,     7840.0,      206.5,   237800.0,    987575000.0,  2064.8247
  POGhosts, THREE_MULTITASK,    0,  1153.6000,  1454.1446,       70.0,     7040.0,      145.4,   115360.0,    342418400.0,  1454.1446
  POGhosts, THREE_MULTITASK,    1,  3716.2000,  2564.0722,      190.0,    11840.0,      256.4,   371620.0,   2031886400.0,  2564.0722
  POGhosts, THREE_MULTITASK,    2,  2470.4000,  1991.6177,      190.0,    10900.0,      199.2,   247040.0,   1002975200.0,  1991.6177
  POGhosts, THREE_MULTITASK,    3,  2608.0000,  1961.5336,      170.0,     9910.0,      196.2,   260800.0,   1061080200.0,  1961.5336
  POGhosts, THREE_MULTITASK,    4,  2027.2000,  1355.9961,       80.0,     6870.0,      135.6,   202720.0,    592987800.0,  1355.9961
  POGhosts, THREE_MULTITASK,    5,  3466.7000,  1723.8998,      190.0,     8650.0,      172.4,   346670.0,   1496012100.0,  1723.8998
  POGhosts, THREE_MULTITASK,    6,  2928.0000,  2070.3677,      210.0,    12070.0,      207.0,   292800.0,   1281674200.0,  2070.3677
  POGhosts, THREE_MULTITASK,    7,  2929.9000,  2748.3598,      170.0,    15060.0,      274.8,   292990.0,   1606226100.0,  2748.3598
  POGhosts, THREE_MULTITASK,    8,  3566.2000,  2227.9028,      190.0,    11270.0,      222.8,   356620.0,   1763169800.0,  2227.9028
  POGhosts, THREE_MULTITASK,    9,  2295.3000,  2228.8097,      140.0,    10770.0,      222.9,   229530.0,   1018631900.0,  2228.8097
  POGhosts, THREE_MULTITASK,   10,  3056.7000,  2453.3346,      100.0,    11630.0,      245.3,   305670.0,   1530207700.0,  2453.3346
  POGhosts, THREE_MULTITASK,   11,  3194.7000,  2338.1364,       70.0,    13390.0,      233.8,   319470.0,   1561832100.0,  2338.1364
  POGhosts, THREE_MULTITASK,   12,  3034.7000,  2383.6033,      190.0,    12220.0,      238.4,   303470.0,   1483415300.0,  2383.6033
  POGhosts, THREE_MULTITASK,   13,  2747.8000,  2056.6186,      190.0,    10820.0,      205.7,   274780.0,   1173778800.0,  2056.6186
  POGhosts, THREE_MULTITASK,   14,  3486.9000,  2544.6913,      150.0,    12510.0,      254.5,   348690.0,   1856917100.0,  2544.6913
  POGhosts, THREE_MULTITASK,   15,  3222.8000,  2580.8827,      140.0,    12600.0,      258.1,   322280.0,   1698078600.0,  2580.8827
  POGhosts, THREE_MULTITASK,   16,  1443.4000,  1530.7655,       70.0,     7270.0,      153.1,   144340.0,    440321400.0,  1530.7655
  POGhosts, THREE_MULTITASK,   17,  2849.2000,  2040.4321,      140.0,     9930.0,      204.0,   284920.0,   1223967000.0,  2040.4321
  POGhosts, THREE_MULTITASK,   18,  2864.9000,  2165.7735,       70.0,     9800.0,      216.6,   286490.0,   1285132100.0,  2165.7735
  POGhosts, THREE_MULTITASK,   19,  2242.7000,  1844.4324,      180.0,     7490.0,      184.4,   224270.0,    839761500.0,  1844.4324
  POGhosts,             MMD,    0,  1163.9000,  1485.2534,       90.0,     7060.0,      148.5,   116390.0,    353858100.0,  1485.2534
  POGhosts,             MMD,    1,  1711.6000,  1577.8465,      190.0,     9240.0,      157.8,   171160.0,    539427800.0,  1577.8465
  POGhosts,             MMD,    2,   685.4000,   840.9559,       70.0,     3940.0,       84.1,    68540.0,    116990800.0,   840.9559
  POGhosts,             MMD,    3,   975.4000,  1194.4615,       70.0,     6700.0,      119.4,    97540.0,    236387600.0,  1194.4615
  POGhosts,             MMD,    4,   884.2000,  1181.9930,       80.0,     5650.0,      118.2,    88420.0,    216494600.0,  1181.9930
  POGhosts,             MMD,    5,  1642.8000,  1594.4747,      160.0,     8400.0,      159.4,   164280.0,    521571800.0,  1594.4747
  POGhosts,             MMD,    6,   159.0000,   265.3433,       50.0,     2740.0,       26.5,    15900.0,      9498400.0,   265.3433
  POGhosts,             MMD,    7,   633.3000,   796.9741,       80.0,     4860.0,       79.7,    63330.0,    102988500.0,   796.9741
  POGhosts,             MMD,    8,   993.9000,  1319.9838,       70.0,     8970.0,      132.0,    99390.0,    271277100.0,  1319.9838
  POGhosts,             MMD,    9,   572.6000,   896.5564,       70.0,     5850.0,       89.7,    57260.0,    112364600.0,   896.5564
  POGhosts,             MMD,   10,   963.4000,  1300.4515,      100.0,     6520.0,      130.0,    96340.0,    260240200.0,  1300.4515
  POGhosts,             MMD,   11,  1485.5000,  1451.0076,      160.0,     7980.0,      145.1,   148550.0,    429107900.0,  1451.0076
  POGhosts,             MMD,   12,   648.3000,  1034.5028,      140.0,     7220.0,      103.5,    64830.0,    147978700.0,  1034.5028
  POGhosts,             MMD,   13,  1048.9000,  1184.2390,      140.0,     6430.0,      118.4,   104890.0,    248858900.0,  1184.2390
  POGhosts,             MMD,   14,   914.3000,  1181.5392,       90.0,     5710.0,      118.2,    91430.0,    221801900.0,  1181.5392
  POGhosts,             MMD,   15,  1676.6000,  1597.4343,      140.0,     7570.0,      159.7,   167660.0,    533726600.0,  1597.4343
  POGhosts,             MMD,   16,   366.8000,   626.0101,       70.0,     4700.0,       62.6,    36680.0,     52251200.0,   626.0101
  POGhosts,             MMD,   17,   659.2000,   907.9221,       40.0,     4560.0,       90.8,    65920.0,    125062400.0,   907.9221
  POGhosts,             MMD,   18,   564.6000,   672.7517,       70.0,     3620.0,       67.3,    56460.0,     76684200.0,   672.7517
  POGhosts,             MMD,   19,   736.7000,   814.8583,       70.0,     7140.0,       81.5,    73670.0,    120008100.0,   814.8583
  COGhosts,      ONE_MODULE,    0,  1326.6000,  1533.4409,      170.0,     6530.0,      153.3,   132660.0,    408779400.0,  1533.4409
  COGhosts,      ONE_MODULE,    1,  1045.9000,  1180.3433,      100.0,     4940.0,      118.0,   104590.0,    247318500.0,  1180.3433
  COGhosts,      ONE_MODULE,    2,   406.7000,   881.8198,       40.0,     5470.0,       88.2,    40670.0,     93523500.0,   881.8198
  COGhosts,      ONE_MODULE,    3,   374.1000,   690.8626,       70.0,     5620.0,       69.1,    37410.0,     61246900.0,   690.8626
  COGhosts,      ONE_MODULE,    4,   971.1000,  1003.5049,      140.0,     5100.0,      100.4,    97110.0,    193998700.0,  1003.5049
  COGhosts,      ONE_MODULE,    5,   212.3000,   352.1244,       70.0,     3650.0,       35.2,    21230.0,     16782300.0,   352.1244
  COGhosts,      ONE_MODULE,    6,  1723.8000,  1935.1072,      140.0,     8780.0,      193.5,   172380.0,    667868000.0,  1935.1072
  COGhosts,      ONE_MODULE,    7,   192.0000,   493.8511,       70.0,     5070.0,       49.4,    19200.0,     27831400.0,   493.8511
  COGhosts,      ONE_MODULE,    8,  1531.6000,  1245.1974,       70.0,     7970.0,      124.5,   153160.0,    388081000.0,  1245.1974
  COGhosts,      ONE_MODULE,    9,   188.3000,   275.0502,       40.0,     2780.0,       27.5,    18830.0,     11035300.0,   275.0502
  COGhosts,      ONE_MODULE,   10,   316.5000,   461.8439,       80.0,     4680.0,       46.2,    31650.0,     31133900.0,   461.8439
  COGhosts,      ONE_MODULE,   11,  1559.7000,  1860.6062,      130.0,     9350.0,      186.1,   155970.0,    585990100.0,  1860.6062
  COGhosts,      ONE_MODULE,   12,   316.8000,   228.3886,       90.0,     2260.0,       22.8,    31680.0,     15200200.0,   228.3886
  COGhosts,      ONE_MODULE,   13,   296.7000,   623.8866,       40.0,     4740.0,       62.4,    29670.0,     47337300.0,   623.8866
  COGhosts,      ONE_MODULE,   14,   326.5000,   426.1748,       70.0,     3440.0,       42.6,    32650.0,     28641100.0,   426.1748
  COGhosts,      ONE_MODULE,   15,  1754.2000,  1558.5102,      140.0,     6540.0,      155.9,   175420.0,    548188200.0,  1558.5102
  COGhosts,      ONE_MODULE,   16,  3051.9000,  2688.2861,      180.0,    10680.0,      268.8,   305190.0,   1646870700.0,  2688.2861
  COGhosts,      ONE_MODULE,   17,   270.5000,   621.1872,       40.0,     6350.0,       62.1,    27050.0,     45518500.0,   621.1872
  COGhosts,      ONE_MODULE,   18,   811.6000,  1158.1889,       70.0,     6060.0,      115.8,    81160.0,    198668200.0,  1158.1889
  COGhosts,      ONE_MODULE,   19,   344.8000,   493.5308,       30.0,     3120.0,       49.4,    34480.0,     36002400.0,   493.5308
  COGhosts,     TWO_MODULES,    0,  1894.2000,  2144.3886,      100.0,     9790.0,      214.4,   189420.0,    814041200.0,  2144.3886
  COGhosts,     TWO_MODULES,    1,   774.9000,  1215.6733,       70.0,     7590.0,      121.6,    77490.0,    206355300.0,  1215.6733
  COGhosts,     TWO_MODULES,    2,   134.5000,   151.0594,       40.0,     1370.0,       15.1,    13450.0,      4068100.0,   151.0594
  COGhosts,     TWO_MODULES,    3,  1002.1000,  1478.5464,       70.0,     7460.0,      147.9,   100210.0,    316844300.0,  1478.5464
  COGhosts,     TWO_MODULES,    4,   214.6000,   362.6931,       70.0,     3080.0,       36.3,    21460.0,     17628400.0,   362.6931
  COGhosts,     TWO_MODULES,    5,  1802.5000,  1791.8741,       70.0,     7500.0,      179.2,   180250.0,    642771100.0,  1791.8741
  COGhosts,     TWO_MODULES,    6,   187.2000,   336.4553,       30.0,     3420.0,       33.6,    18720.0,     14711400.0,   336.4553
  COGhosts,     TWO_MODULES,    7,  2880.6000,  2276.7001,      190.0,     9150.0,      227.7,   288060.0,   1342938600.0,  2276.7001
  COGhosts,     TWO_MODULES,    8,   218.2000,   365.0554,       40.0,     3680.0,       36.5,    21820.0,     17954400.0,   365.0554
  COGhosts,     TWO_MODULES,    9,   389.3000,   624.9836,       70.0,     4800.0,       62.5,    38930.0,     53825300.0,   624.9836
  COGhosts,     TWO_MODULES,   10,   633.9000,   666.7362,       70.0,     3840.0,       66.7,    63390.0,     84192100.0,   666.7362
  COGhosts,     TWO_MODULES,   11,  1723.3000,  1694.5766,      190.0,     7600.0,      169.5,   172330.0,    581263700.0,  1694.5766
  COGhosts,     TWO_MODULES,   12,   373.5000,   996.9351,       30.0,     7170.0,       99.7,    37350.0,    112344300.0,   996.9351
  COGhosts,     TWO_MODULES,   13,   424.6000,   435.7170,      140.0,     3550.0,       43.6,    42460.0,     36823600.0,   435.7170
  COGhosts,     TWO_MODULES,   14,   649.8000,  1221.3910,      100.0,     7190.0,      122.1,    64980.0,    189911800.0,  1221.3910
  COGhosts,     TWO_MODULES,   15,   726.8000,  1139.4114,       70.0,     6730.0,      113.9,    72680.0,    181351400.0,  1139.4114
  COGhosts,     TWO_MODULES,   16,   572.0000,   807.2275,       80.0,     3670.0,       80.7,    57200.0,     97228400.0,   807.2275
  COGhosts,     TWO_MODULES,   17,  1191.8000,  1332.1619,       70.0,     5800.0,      133.2,   119180.0,    317729600.0,  1332.1619
  COGhosts,     TWO_MODULES,   18,   416.5000,   632.6414,       80.0,     3760.0,       63.3,    41650.0,     56970500.0,   632.6414
  COGhosts,     TWO_MODULES,   19,   217.0000,   276.0526,       80.0,     2830.0,       27.6,    21700.0,     12253200.0,   276.0526
  COGhosts,   THREE_MODULES,    0,   466.0000,   575.8069,       70.0,     3420.0,       57.6,    46600.0,     54539400.0,   575.8069
  COGhosts,   THREE_MODULES,    1,  1517.6000,  1737.7177,      150.0,     8440.0,      173.8,   151760.0,    529257600.0,  1737.7177
  COGhosts,   THREE_MODULES,    2,  1846.7000,  1839.6849,      190.0,     8150.0,      184.0,   184670.0,    676089700.0,  1839.6849
  COGhosts,   THREE_MODULES,    3,   742.3000,   821.4017,       50.0,     5200.0,       82.1,    74230.0,    121896300.0,   821.4017
  COGhosts,   THREE_MODULES,    4,   679.7000,  1344.0955,       70.0,     9010.0,      134.4,    67970.0,    225051900.0,  1344.0955
  COGhosts,   THREE_MODULES,    5,   443.4000,   889.1060,      100.0,     8670.0,       88.9,    44340.0,     97920800.0,   889.1060
  COGhosts,   THREE_MODULES,    6,   510.1000,   820.6692,       70.0,     4910.0,       82.1,    51010.0,     92696500.0,   820.6692
  COGhosts,   THREE_MODULES,    7,   500.3000,   923.7598,       70.0,     6870.0,       92.4,    50030.0,    109509900.0,   923.7598
  COGhosts,   THREE_MODULES,    8,  1300.8000,   579.0984,      150.0,     2880.0,       57.9,   130080.0,    202408200.0,   579.0984
  COGhosts,   THREE_MODULES,    9,  2138.8000,  2225.8569,      180.0,     9500.0,      222.6,   213880.0,    947936000.0,  2225.8569
  COGhosts,   THREE_MODULES,   10,   305.5000,   511.4040,       70.0,     4810.0,       51.1,    30550.0,     35224900.0,   511.4040
  COGhosts,   THREE_MODULES,   11,   820.0000,   804.9744,      120.0,     3610.0,       80.5,    82000.0,    131390400.0,   804.9744
  COGhosts,   THREE_MODULES,   12,   409.9000,   811.3942,       70.0,     6040.0,       81.1,    40990.0,     81979500.0,   811.3942
  COGhosts,   THREE_MODULES,   13,   541.9000,   935.2941,       80.0,     6200.0,       93.5,    54190.0,    115968300.0,   935.2941
  COGhosts,   THREE_MODULES,   14,   452.1000,   402.4930,      160.0,     2210.0,       40.2,    45210.0,     36477500.0,   402.4930
  COGhosts,   THREE_MODULES,   15,  2506.3000,  2498.3306,      170.0,     9050.0,      249.8,   250630.0,   1246077900.0,  2498.3306
  COGhosts,   THREE_MODULES,   16,   326.5000,   528.4327,       70.0,     3750.0,       52.8,    32650.0,     38305100.0,   528.4327
  COGhosts,   THREE_MODULES,   17,   202.6000,   331.2072,       70.0,     3420.0,       33.1,    20260.0,     14964800.0,   331.2072
  COGhosts,   THREE_MODULES,   18,   484.9000,   792.4320,       80.0,     4730.0,       79.2,    48490.0,     85679700.0,   792.4320
  COGhosts,   THREE_MODULES,   19,   649.6000,  1159.5218,       70.0,     7040.0,      116.0,    64960.0,    175302600.0,  1159.5218
  COGhosts, THREE_MULTITASK,    0,  2126.0000,  1653.0278,      190.0,     7430.0,      165.3,   212600.0,    722505200.0,  1653.0278
  COGhosts, THREE_MULTITASK,    1,  1781.2000,  1928.5973,      190.0,     9580.0,      192.9,   178120.0,    685496600.0,  1928.5973
  COGhosts, THREE_MULTITASK,    2,  1495.1000,  1852.2460,      170.0,     8530.0,      185.2,   149510.0,    563183100.0,  1852.2460
  COGhosts, THREE_MULTITASK,    3,  2434.6000,  2487.2903,      110.0,    12030.0,      248.7,   243460.0,   1205202400.0,  2487.2903
  COGhosts, THREE_MULTITASK,    4,  2283.8000,  2746.1590,      190.0,    17720.0,      274.6,   228380.0,   1268171800.0,  2746.1590
  COGhosts, THREE_MULTITASK,    5,  1498.5000,  1672.2472,      120.0,     6480.0,      167.2,   149850.0,    501394900.0,  1672.2472
  COGhosts, THREE_MULTITASK,    6,  1543.6000,  2863.2769,       80.0,    12810.0,      286.3,   154360.0,   1049907200.0,  2863.2769
  COGhosts, THREE_MULTITASK,    7,   877.9000,  1416.4198,       70.0,     7300.0,      141.6,    87790.0,    275689100.0,  1416.4198
  COGhosts, THREE_MULTITASK,    8,  2821.7000,  2341.5734,      170.0,     9880.0,      234.2,   282170.0,   1339012700.0,  2341.5734
  COGhosts, THREE_MULTITASK,    9,  3164.3000,  2095.9505,      160.0,     8240.0,      209.6,   316430.0,   1436187300.0,  2095.9505
  COGhosts, THREE_MULTITASK,   10,   471.1000,   565.1904,       70.0,     3790.0,       56.5,    47110.0,     53818100.0,   565.1904
  COGhosts, THREE_MULTITASK,   11,  3696.1000,  3065.3996,      180.0,    13840.0,      306.5,   369610.0,   2296386300.0,  3065.3996
  COGhosts, THREE_MULTITASK,   12,  4683.3000,  3798.7808,      190.0,    16210.0,      379.9,   468330.0,   3621972700.0,  3798.7808
  COGhosts, THREE_MULTITASK,   13,  3586.7000,  3174.0224,       70.0,    16020.0,      317.4,   358670.0,   2283809100.0,  3174.0224
  COGhosts, THREE_MULTITASK,   14,  1169.7000,  1358.5736,       70.0,     6490.0,      135.9,   116970.0,    319546300.0,  1358.5736
  COGhosts, THREE_MULTITASK,   15,  3549.0000,  2195.9957,      190.0,    12390.0,      219.6,   354900.0,   1736957400.0,  2195.9957
  COGhosts, THREE_MULTITASK,   16,   865.1000,   967.3942,       70.0,     4040.0,       96.7,    86510.0,    167489100.0,   967.3942
  COGhosts, THREE_MULTITASK,   17,  1330.0000,  1750.0551,      190.0,     9080.0,      175.0,   133000.0,    480096600.0,  1750.0551
  COGhosts, THREE_MULTITASK,   18,  2057.6000,  2602.6110,       70.0,    11220.0,      260.3,   205760.0,   1093956600.0,  2602.6110
  COGhosts, THREE_MULTITASK,   19,  1512.9000,  1248.5299,       80.0,     5350.0,      124.9,   151290.0,    383210500.0,  1248.5299
  COGhosts,             MMD,    0,   407.0000,  1241.8408,       70.0,    11380.0,      124.2,    40700.0,    169239600.0,  1241.8408
  COGhosts,             MMD,    1,   229.2000,   563.0305,       70.0,     4810.0,       56.3,    22920.0,     36636600.0,   563.0305
  COGhosts,             MMD,    2,  2125.1000,  1896.8781,      100.0,     8510.0,      189.7,   212510.0,    807821500.0,  1896.8781
  COGhosts,             MMD,    3,   794.3000,  1312.3556,      110.0,    11390.0,      131.2,    79430.0,    233596700.0,  1312.3556
  COGhosts,             MMD,    4,   370.6000,   786.7499,       70.0,     5260.0,       78.7,    37060.0,     75013000.0,   786.7499
  COGhosts,             MMD,    5,   622.2000,   584.1035,      200.0,     3140.0,       58.4,    62220.0,     72489800.0,   584.1035
  COGhosts,             MMD,    6,   880.6000,  1305.8685,      140.0,     6280.0,      130.6,    88060.0,    246369600.0,  1305.8685
  COGhosts,             MMD,    7,  1165.1000,  1474.8583,       70.0,     6470.0,      147.5,   116510.0,    351091300.0,  1474.8583
  COGhosts,             MMD,    8,  1746.4000,  1898.9607,       70.0,     8850.0,      189.9,   174640.0,    661990400.0,  1898.9607
  COGhosts,             MMD,    9,   242.1000,   489.6820,       70.0,     4520.0,       49.0,    24210.0,     29600300.0,   489.6820
  COGhosts,             MMD,   10,   666.6000,  1137.0236,       70.0,     6640.0,      113.7,    66660.0,    172425000.0,  1137.0236
  COGhosts,             MMD,   11,   412.5000,   818.4925,       50.0,     5770.0,       81.8,    41250.0,     83338700.0,   818.4925
  COGhosts,             MMD,   12,   500.9000,   712.3813,      190.0,     5740.0,       71.2,    50090.0,     75331300.0,   712.3813
  COGhosts,             MMD,   13,   200.3000,   451.3357,       30.0,     3310.0,       45.1,    20030.0,     24178700.0,   451.3357
  COGhosts,             MMD,   14,  1781.1000,  1737.5444,      140.0,     8980.0,      173.8,   178110.0,    616118700.0,  1737.5444
  COGhosts,             MMD,   15,   161.5000,   148.4082,       50.0,     1550.0,       14.8,    16150.0,      4788700.0,   148.4082
  COGhosts,             MMD,   16,   430.3000,   403.1529,       90.0,     2320.0,       40.3,    43030.0,     34606500.0,   403.1529
  COGhosts,             MMD,   17,   359.7000,   346.5194,       80.0,     3460.0,       34.7,    35970.0,     24825900.0,   346.5194
  COGhosts,             MMD,   18,   268.9000,   598.1502,       30.0,     4660.0,       59.8,    26890.0,     42651300.0,   598.1502
  COGhosts,             MMD,   19,   246.1000,   282.3705,       70.0,     2520.0,       28.2,    24610.0,     13950100.0,   282.3705
